1.000000000000000000e+09 9.195011604453454862e-07
1.500000000000000000e+09 4.639483843766534061e-07
1.700000000000000000e+09 5.879481434785359192e-06
2.000000000000000000e+09 1.154438090134228053e-06
2.200000000000000000e+09 8.326297741530829877e-04
2.450000000000000000e+09 3.143295723622710127e-06
2.700000000000000000e+09 3.647593238761051328e-06
3.000000000000000000e+09 8.844165005438159603e-05
3.200000000000000000e+09 2.019347771126415655e-03
3.450000000000000000e+09 7.503829162239935516e-04
