1.000000000000000000e+09 2.915779795650628213e-07
1.500000000000000000e+09 8.646030472755547349e-07
1.700000000000000000e+09 6.326234076424969174e-07
2.000000000000000000e+09 5.573413500011398655e-06
2.200000000000000000e+09 3.747790331282790957e-06
2.450000000000000000e+09 4.771243034055209706e-04
2.700000000000000000e+09 5.729532399675078748e-06
3.000000000000000000e+09 1.363388374034059033e-04
3.200000000000000000e+09 1.285692673188078977e-02
3.450000000000000000e+09 6.463240402719186428e-02
