1.000000000000000000e+09 2.668041238439189969e-07
1.500000000000000000e+09 8.281451419259498592e-07
1.700000000000000000e+09 1.103686562144628415e-06
2.000000000000000000e+09 3.161105738812461071e-04
2.200000000000000000e+09 3.448078699128120234e-03
2.450000000000000000e+09 1.100695751240143841e-05
2.700000000000000000e+09 8.612655776557898483e-05
3.000000000000000000e+09 4.820608639275933936e-05
3.200000000000000000e+09 5.168293097365977062e-04
3.450000000000000000e+09 1.922514002987744605e-04
