1.000000000000000000e+09 3.738486103174205837e-07
1.500000000000000000e+09 5.341844944977931535e-06
1.700000000000000000e+09 1.966037730898100741e-06
2.000000000000000000e+09 2.503699703545098882e-06
2.200000000000000000e+09 2.408389629570081191e-06
2.450000000000000000e+09 3.493128580253270451e-06
2.700000000000000000e+09 2.428949821025351292e-05
3.000000000000000000e+09 3.185749278909027473e-04
3.200000000000000000e+09 4.888466714716079298e-01
3.450000000000000000e+09 9.183274210831804548e-05
