1.000000000000000000e+09 2.103673881178619330e-07
1.500000000000000000e+09 3.286977724923529252e-07
1.700000000000000000e+09 1.679685480018857749e-06
2.000000000000000000e+09 1.164883440253331590e-06
2.200000000000000000e+09 1.673082156778653019e-06
2.450000000000000000e+09 3.459609245127144919e-03
2.700000000000000000e+09 1.142977053719801723e-05
3.000000000000000000e+09 4.249285316914675273e-03
3.200000000000000000e+09 1.338869039243672544e-02
3.450000000000000000e+09 4.884823031309901142e-02
