1.000000000000000000e+09 1.413257278581277223e-07
1.500000000000000000e+09 3.031177640833462080e-07
1.700000000000000000e+09 4.091341388164773325e-07
2.000000000000000000e+09 2.370631205894661845e-06
2.200000000000000000e+09 7.858385498419280171e-07
2.450000000000000000e+09 1.443128634439674750e-05
2.700000000000000000e+09 2.754975246812317385e-06
3.000000000000000000e+09 3.795669442497910190e-05
3.200000000000000000e+09 2.717045219435033215e-02
3.450000000000000000e+09 1.766409400372326690e-04
