1.000000000000000000e+09 2.185203590623208520e-07
1.500000000000000000e+09 3.674051849665768993e-06
1.700000000000000000e+09 5.386390175930637898e-06
2.000000000000000000e+09 1.086816976679533534e-06
2.200000000000000000e+09 1.944742149841652696e-06
2.450000000000000000e+09 4.401392180147784125e-05
2.700000000000000000e+09 2.054870321275191505e-05
3.000000000000000000e+09 1.295829418303545038e-04
3.200000000000000000e+09 1.121868200241019336e-03
3.450000000000000000e+09 3.123272467602131403e-05
