1.000000000000000000e+09 5.296145544080897781e-05
1.500000000000000000e+09 1.158442792263261234e-06
1.700000000000000000e+09 9.245138642427810292e-07
2.000000000000000000e+09 2.097449521034238330e-06
2.200000000000000000e+09 2.222134803624262871e-06
2.450000000000000000e+09 3.464949816518485313e-06
2.700000000000000000e+09 6.269933484259977084e-06
3.000000000000000000e+09 2.099237652544642604e-02
3.200000000000000000e+09 1.306128846960286777e-04
3.450000000000000000e+09 5.514353127439725462e-05
