1.000000000000000000e+09 3.439728102968764778e-04
1.500000000000000000e+09 3.873753043584783496e-07
1.700000000000000000e+09 7.941910568645651650e-07
2.000000000000000000e+09 1.085798051495033231e-06
2.200000000000000000e+09 3.151496554570440423e-02
2.450000000000000000e+09 3.806053186059235593e-02
2.700000000000000000e+09 5.214322064524798178e-05
3.000000000000000000e+09 1.039994440583276165e-04
3.200000000000000000e+09 2.151281463508456990e-03
3.450000000000000000e+09 3.130584124616333261e-05
